<Qucs Dataset 0.0.20>
<indep time 111>
  +0.00000000000000000000e+00
  +9.09090909090909046752e-03
  +1.81818181818181809350e-02
  +2.72727272727272714026e-02
  +3.63636363636363618701e-02
  +4.54545454545454558071e-02
  +5.45454545454545428051e-02
  +6.36363636363636298032e-02
  +7.27272727272727237402e-02
  +8.18181818181818176772e-02
  +9.09090909090909116141e-02
  +9.99999999999999916733e-02
  +1.09090909090909085610e-01
  +1.18181818181818179547e-01
  +1.27272727272727259606e-01
  +1.36363636363636353543e-01
  +1.45454545454545447480e-01
  +1.54545454545454541417e-01
  +1.63636363636363635354e-01
  +1.72727272727272729291e-01
  +1.81818181818181823228e-01
  +1.90909090909090889410e-01
  +1.99999999999999983347e-01
  +2.09090909090909077284e-01
  +2.18181818181818171221e-01
  +2.27272727272727265158e-01
  +2.36363636363636359095e-01
  +2.45454545454545453032e-01
  +2.54545454545454519213e-01
  +2.63636363636363613150e-01
  +2.72727272727272707087e-01
  +2.81818181818181801024e-01
  +2.90909090909090894961e-01
  +2.99999999999999988898e-01
  +3.09090909090909082835e-01
  +3.18181818181818176772e-01
  +3.27272727272727270709e-01
  +3.36363636363636364646e-01
  +3.45454545454545458583e-01
  +3.54545454545454552520e-01
  +3.63636363636363646457e-01
  +3.72727272727272684882e-01
  +3.81818181818181778819e-01
  +3.90909090909090872756e-01
  +3.99999999999999966693e-01
  +4.09090909090909060630e-01
  +4.18181818181818154567e-01
  +4.27272727272727248504e-01
  +4.36363636363636342441e-01
  +4.45454545454545436378e-01
  +4.54545454545454530315e-01
  +4.63636363636363624252e-01
  +4.72727272727272718189e-01
  +4.81818181818181812126e-01
  +4.90909090909090906063e-01
  +5.00000000000000000000e-01
  +5.09090909090909038426e-01
  +5.18181818181818187874e-01
  +5.27272727272727226300e-01
  +5.36363636363636375748e-01
  +5.45454545454545414174e-01
  +5.54545454545454563622e-01
  +5.63636363636363602048e-01
  +5.72727272727272751496e-01
  +5.81818181818181789922e-01
  +5.90909090909090828347e-01
  +5.99999999999999977796e-01
  +6.09090909090909016221e-01
  +6.18181818181818165669e-01
  +6.27272727272727204095e-01
  +6.36363636363636353543e-01
  +6.45454545454545391969e-01
  +6.54545454545454541417e-01
  +6.63636363636363579843e-01
  +6.72727272727272729291e-01
  +6.81818181818181767717e-01
  +6.90909090909090917165e-01
  +6.99999999999999955591e-01
  +7.09090909090909105039e-01
  +7.18181818181818143465e-01
  +7.27272727272727292913e-01
  +7.36363636363636331339e-01
  +7.45454545454545369765e-01
  +7.54545454545454519213e-01
  +7.63636363636363557639e-01
  +7.72727272727272707087e-01
  +7.81818181818181745513e-01
  +7.90909090909090894961e-01
  +7.99999999999999933387e-01
  +8.09090909090909082835e-01
  +8.18181818181818121261e-01
  +8.27272727272727270709e-01
  +8.36363636363636309135e-01
  +8.45454545454545458583e-01
  +8.54545454545454497008e-01
  +8.63636363636363646457e-01
  +8.72727272727272684882e-01
  +8.81818181818181723308e-01
  +8.90909090909090872756e-01
  +8.99999999999999911182e-01
  +9.09090909090909060630e-01
  +9.18181818181818099056e-01
  +9.27272727272727248504e-01
  +9.36363636363636286930e-01
  +9.45454545454545436378e-01
  +9.54545454545454474804e-01
  +9.63636363636363624252e-01
  +9.72727272727272662678e-01
  +9.81818181818181812126e-01
  +9.90909090909090850552e-01
  +1.00000000000000000000e+00
</indep>
<dep V1.It time>
  +0.00000000000000000000e+00
  +0.00000000000000000000e+00
  +0.00000000000000000000e+00
  +0.00000000000000000000e+00
  +0.00000000000000000000e+00
  +0.00000000000000000000e+00
  +0.00000000000000000000e+00
  +0.00000000000000000000e+00
  +0.00000000000000000000e+00
  +0.00000000000000000000e+00
  +0.00000000000000000000e+00
  +0.00000000000000000000e+00
  +0.00000000000000000000e+00
  +0.00000000000000000000e+00
  +0.00000000000000000000e+00
  +0.00000000000000000000e+00
  +0.00000000000000000000e+00
  +0.00000000000000000000e+00
  +0.00000000000000000000e+00
  +0.00000000000000000000e+00
  +0.00000000000000000000e+00
  +0.00000000000000000000e+00
  +0.00000000000000000000e+00
  +0.00000000000000000000e+00
  +0.00000000000000000000e+00
  +0.00000000000000000000e+00
  +0.00000000000000000000e+00
  +0.00000000000000000000e+00
  +0.00000000000000000000e+00
  +0.00000000000000000000e+00
  +0.00000000000000000000e+00
  +0.00000000000000000000e+00
  +0.00000000000000000000e+00
  +0.00000000000000000000e+00
  +0.00000000000000000000e+00
  +0.00000000000000000000e+00
  +0.00000000000000000000e+00
  +0.00000000000000000000e+00
  +0.00000000000000000000e+00
  +0.00000000000000000000e+00
  +0.00000000000000000000e+00
  +0.00000000000000000000e+00
  +0.00000000000000000000e+00
  +0.00000000000000000000e+00
  +0.00000000000000000000e+00
  +0.00000000000000000000e+00
  +0.00000000000000000000e+00
  +0.00000000000000000000e+00
  +0.00000000000000000000e+00
  +0.00000000000000000000e+00
  +0.00000000000000000000e+00
  +0.00000000000000000000e+00
  +0.00000000000000000000e+00
  +0.00000000000000000000e+00
  +0.00000000000000000000e+00
  +0.00000000000000000000e+00
  +0.00000000000000000000e+00
  +0.00000000000000000000e+00
  +0.00000000000000000000e+00
  +0.00000000000000000000e+00
  +0.00000000000000000000e+00
  +0.00000000000000000000e+00
  +0.00000000000000000000e+00
  +0.00000000000000000000e+00
  +0.00000000000000000000e+00
  +0.00000000000000000000e+00
  +0.00000000000000000000e+00
  +0.00000000000000000000e+00
  +0.00000000000000000000e+00
  +0.00000000000000000000e+00
  +0.00000000000000000000e+00
  +0.00000000000000000000e+00
  +0.00000000000000000000e+00
  +0.00000000000000000000e+00
  +0.00000000000000000000e+00
  +0.00000000000000000000e+00
  +0.00000000000000000000e+00
  +0.00000000000000000000e+00
  +0.00000000000000000000e+00
  +0.00000000000000000000e+00
  +0.00000000000000000000e+00
  +0.00000000000000000000e+00
  +0.00000000000000000000e+00
  +0.00000000000000000000e+00
  +0.00000000000000000000e+00
  +0.00000000000000000000e+00
  +0.00000000000000000000e+00
  +0.00000000000000000000e+00
  +0.00000000000000000000e+00
  +0.00000000000000000000e+00
  +0.00000000000000000000e+00
  +0.00000000000000000000e+00
  +0.00000000000000000000e+00
  +0.00000000000000000000e+00
  +0.00000000000000000000e+00
  +0.00000000000000000000e+00
  +0.00000000000000000000e+00
  +0.00000000000000000000e+00
  +0.00000000000000000000e+00
  +0.00000000000000000000e+00
  +0.00000000000000000000e+00
  +0.00000000000000000000e+00
  +0.00000000000000000000e+00
  +0.00000000000000000000e+00
  +0.00000000000000000000e+00
  +0.00000000000000000000e+00
  +0.00000000000000000000e+00
  +0.00000000000000000000e+00
  +0.00000000000000000000e+00
  +0.00000000000000000000e+00
  +0.00000000000000000000e+00
</dep>
<dep V2.It time>
  +0.00000000000000000000e+00
  +0.00000000000000000000e+00
  +0.00000000000000000000e+00
  +0.00000000000000000000e+00
  +0.00000000000000000000e+00
  +0.00000000000000000000e+00
  +0.00000000000000000000e+00
  +0.00000000000000000000e+00
  +0.00000000000000000000e+00
  +0.00000000000000000000e+00
  +0.00000000000000000000e+00
  +0.00000000000000000000e+00
  +0.00000000000000000000e+00
  +0.00000000000000000000e+00
  +0.00000000000000000000e+00
  +0.00000000000000000000e+00
  +0.00000000000000000000e+00
  +0.00000000000000000000e+00
  +0.00000000000000000000e+00
  +0.00000000000000000000e+00
  +0.00000000000000000000e+00
  +0.00000000000000000000e+00
  +0.00000000000000000000e+00
  +0.00000000000000000000e+00
  +0.00000000000000000000e+00
  +0.00000000000000000000e+00
  +0.00000000000000000000e+00
  +0.00000000000000000000e+00
  +0.00000000000000000000e+00
  +0.00000000000000000000e+00
  +0.00000000000000000000e+00
  +0.00000000000000000000e+00
  +0.00000000000000000000e+00
  +0.00000000000000000000e+00
  +0.00000000000000000000e+00
  +0.00000000000000000000e+00
  +0.00000000000000000000e+00
  +0.00000000000000000000e+00
  +0.00000000000000000000e+00
  +0.00000000000000000000e+00
  +0.00000000000000000000e+00
  +0.00000000000000000000e+00
  +0.00000000000000000000e+00
  +0.00000000000000000000e+00
  +0.00000000000000000000e+00
  +0.00000000000000000000e+00
  +0.00000000000000000000e+00
  +0.00000000000000000000e+00
  +0.00000000000000000000e+00
  +0.00000000000000000000e+00
  +0.00000000000000000000e+00
  +0.00000000000000000000e+00
  +0.00000000000000000000e+00
  +0.00000000000000000000e+00
  +0.00000000000000000000e+00
  +0.00000000000000000000e+00
  +0.00000000000000000000e+00
  +0.00000000000000000000e+00
  +0.00000000000000000000e+00
  +0.00000000000000000000e+00
  +0.00000000000000000000e+00
  +0.00000000000000000000e+00
  +0.00000000000000000000e+00
  +0.00000000000000000000e+00
  +0.00000000000000000000e+00
  +0.00000000000000000000e+00
  +0.00000000000000000000e+00
  +0.00000000000000000000e+00
  +0.00000000000000000000e+00
  +0.00000000000000000000e+00
  +0.00000000000000000000e+00
  +0.00000000000000000000e+00
  +0.00000000000000000000e+00
  +0.00000000000000000000e+00
  +0.00000000000000000000e+00
  +0.00000000000000000000e+00
  +0.00000000000000000000e+00
  +0.00000000000000000000e+00
  +0.00000000000000000000e+00
  +0.00000000000000000000e+00
  +0.00000000000000000000e+00
  +0.00000000000000000000e+00
  +0.00000000000000000000e+00
  +0.00000000000000000000e+00
  +0.00000000000000000000e+00
  +0.00000000000000000000e+00
  +0.00000000000000000000e+00
  +0.00000000000000000000e+00
  +0.00000000000000000000e+00
  +0.00000000000000000000e+00
  +0.00000000000000000000e+00
  +0.00000000000000000000e+00
  +0.00000000000000000000e+00
  +0.00000000000000000000e+00
  +0.00000000000000000000e+00
  +0.00000000000000000000e+00
  +0.00000000000000000000e+00
  +0.00000000000000000000e+00
  +0.00000000000000000000e+00
  +0.00000000000000000000e+00
  +0.00000000000000000000e+00
  +0.00000000000000000000e+00
  +0.00000000000000000000e+00
  +0.00000000000000000000e+00
  +0.00000000000000000000e+00
  +0.00000000000000000000e+00
  +0.00000000000000000000e+00
  +0.00000000000000000000e+00
  +0.00000000000000000000e+00
  +0.00000000000000000000e+00
  +0.00000000000000000000e+00
</dep>
<dep V3.It time>
  +0.00000000000000000000e+00
  -2.09990895044163093652e-03
  -2.09981798349719419108e-03
  -2.09972709906315353062e-03
  -2.09963629703213824559e-03
  -2.09954557729677632541e-03
  -2.09945493974937223355e-03
  -2.09936438428226382694e-03
  -2.09927391078780717706e-03
  -2.09918351915834534502e-03
  -2.09909320928618973318e-03
  -2.09900298106359189595e-03
  +9.96113877664923959621e-07
  +9.95209636337530167811e-07
  +9.94306216683660884436e-07
  +9.93403617961339599897e-07
  +9.92501839428378046360e-07
  +9.91600880339439322769e-07
  +9.90700739949863942664e-07
  +9.89801417515667928364e-07
  +9.88902912293544716785e-07
  +9.88005223540863253620e-07
  +9.87108350515667146304e-07
  -2.09892273599016250529e-03
  -2.09883266176928142896e-03
  -2.09874266888323375221e-03
  -2.09865275722425975377e-03
  -2.09856292668433516702e-03
  -2.09847317715484375095e-03
  -2.09838350852693377585e-03
  -2.09829392069149373717e-03
  -2.09820441353912243154e-03
  -2.09811498696010683904e-03
  -2.09802564084438612768e-03
  +1.97256689576182000362e-06
  +1.97077625962995386569e-06
  +1.96898725073839867678e-06
  +1.96719986761741928922e-06
  +1.96541410879697519998e-06
  +1.96362997280068840551e-06
  +1.96184745815352599058e-06
  +1.96006656338179546960e-06
  +1.95828728701314563367e-06
  +1.95650962757656231536e-06
  +1.95473358360237135339e-06
  -2.09795598290820825560e-03
  -2.09786677965677305011e-03
  -2.09777765655533299238e-03
  -2.09768861349265024058e-03
  -2.09759965035691145832e-03
  -2.09751076703539257942e-03
  -2.09742196341481355881e-03
  -2.09733323938129543815e-03
  -2.09724459482032912078e-03
  -2.09715602961673764151e-03
  -2.09706754365463670167e-03
  +2.92979433166334047819e-06
  +2.92713473237448988190e-06
  +2.92447755029209613466e-06
  +2.92182278323201998394e-06
  +2.91917042900966139130e-06
  +2.91652048543101994666e-06
  +2.91387295030409254363e-06
  +2.91122782143887507355e-06
  +2.90858509664735734334e-06
  +2.90594477374352222845e-06
  +2.90330685054334270822e-06
  -2.09700826002077230642e-03
  -2.09691990592498610918e-03
  -2.09683163074841569240e-03
  -2.09674343437249660962e-03
  -2.09665531667767171889e-03
  -2.09656727754304076858e-03
  -2.09647931684669303065e-03
  -2.09639143446565395790e-03
  -2.09630363027583487695e-03
  -2.09621590415197314033e-03
  -2.09612825596757618163e-03
  +3.86822929392310575634e-06
  +3.86471774547289417898e-06
  +3.86120938915629160516e-06
  +3.85770422208687148381e-06
  +3.85420224137744408719e-06
  +3.85070344412857752035e-06
  +3.84720782744348347820e-06
  +3.84371538842802148062e-06
  +3.84022612419069124919e-06
  +3.83674003184264033050e-06
  +3.83325710849765054358e-06
  -2.09607913791261127670e-03
  -2.09599161065377121230e-03
  -2.09590416098912870821e-03
  -2.09581678878733397228e-03
  -2.09572949391540397021e-03
  -2.09564227623836073569e-03
  -2.09555513561951890084e-03
  -2.09546807192041023571e-03
  -2.09538108500069387638e-03
  -2.09529417471806698667e-03
  -2.09520734092816717994e-03
  +4.78830820602789520793e-06
  +4.78396129153969015493e-06
  +4.77961832975038208740e-06
  +4.77527931708138301110e-06
  +4.77094424995338156566e-06
  +4.76661312477174864687e-06
  +4.76228593794515942607e-06
  +4.75796268588558742089e-06
  +4.75364336500829856602e-06
  +4.74932797173185375432e-06
  +4.74501650247810375461e-06
</dep>
<dep V4.It time>
  +0.00000000000000000000e+00
  -4.57411886145564494655e-13
  -2.53130849614535691217e-14
  +1.52100554373646446038e-14
  +1.27398092075736713014e-14
  +1.06650799303054100164e-14
  +8.91647866652078846528e-15
  +7.46624984060417773435e-15
  +6.23112672570869108313e-15
  +5.21804821573823573999e-15
  +4.37150315946155387792e-15
  +3.65679708735910935502e-15
  +2.50039027694217985901e-13
  +1.41407874071243200243e-14
  -8.43578773424732746883e-15
  -7.06224199868769890963e-15
  -5.91234199096149185427e-15
  -4.94967289772595391581e-15
  -4.14374909840062681572e-15
  -3.46904875237003759513e-15
  -2.90420557822022124950e-15
  -2.43133223042861455689e-15
  -2.03545384632986020507e-15
  -6.55642207192386194947e-13
  -3.61932706027801032178e-14
  +2.17187379192296248220e-14
  +1.81382686648134949792e-14
  +1.51684220739412012335e-14
  +1.27120536319580423879e-14
  +1.06373243546897811029e-14
  +8.90953977261688123690e-15
  +7.45237205279636327759e-15
  +6.21724893790087662637e-15
  +5.20417042793042128324e-15
  +5.09285352834934342895e-13
  +2.81601868517561679920e-14
  -1.68969355720986102221e-14
  -1.41457148763881387821e-14
  -1.18424579717572846215e-14
  -9.91422575941573031924e-15
  -8.29995535074523544410e-15
  -6.94852633943088418234e-15
  -5.81714193021890115371e-15
  -4.86997365819619998341e-15
  -4.07702677982148205362e-15
  -5.15920639543310244335e-13
  -2.84633427938274508051e-14
  +1.70974345792274107225e-14
  +1.43149381237606121431e-14
  +1.19973475598555978650e-14
  +1.00405794789537594625e-14
  +8.40993941153556079371e-15
  +7.04297731246583680331e-15
  +5.89805981832114412100e-15
  +4.94049245958194660489e-15
  +4.14251966063261534146e-15
  +4.63502709168424610137e-13
  +2.56490240201080602170e-14
  -1.53874834796894158808e-14
  -1.28820372806680029508e-14
  -1.07845369725049438555e-14
  -9.02855931692314689136e-15
  -7.55849634963659615821e-15
  -6.32779439798149290645e-15
  -5.29747982812097067551e-15
  -4.43492483546881905717e-15
  -3.71281419361905846826e-15
  -4.81725770384855422890e-13
  -2.65759636519646846864e-14
  +1.59455781911788108118e-14
  +1.33434929772136001702e-14
  +1.11716191852906376880e-14
  +9.35362898246694385307e-15
  +7.82707232360735360999e-15
  +6.56419363309623804525e-15
  +5.50254286579843210347e-15
  +4.59354776438658518600e-15
  +3.84414722276460452122e-15
  +2.81355343561704493597e-13
  +1.58536421404291535402e-14
  -9.46795875747595073862e-15
  -7.92635117019757464429e-15
  -6.63575375459718387078e-15
  -5.55529611875033080226e-15
  -4.65076253705496471162e-15
  -3.89350841318240760122e-15
  -3.25955316848355976892e-15
  -2.72882082961444569605e-15
  -2.28450426645501446420e-15
  -4.80060435847917688079e-13
  -2.65482080763490557729e-14
  +1.59317004033709963551e-14
  +1.33226762955018784851e-14
  +1.11438636096750087745e-14
  +9.33975119465912939631e-15
  +7.80625564189563192485e-15
  +6.54337695138451636012e-15
  +5.48866507799061764672e-15
  +4.57966997657877072925e-15
  +3.83026943495679006446e-15
  +4.43627804250241184557e-13
  +2.45806000491415792036e-14
  -1.47423144322050085414e-14
  -1.23419170112946561672e-14
  -1.03323610559364302909e-14
  -8.65000833278433329757e-15
  -7.24158241782012171090e-15
  -6.06248154875492542231e-15
  -5.07536618495846585268e-15
  -4.24897654603337830308e-15
  -3.55714268307312713330e-15
</dep>
<dep VinDif.Vt time>
  +0.00000000000000000000e+00
  +1.00000000000000000000e+00
  +1.00000000000000000000e+00
  +1.00000000000000000000e+00
  +1.00000000000000000000e+00
  +1.00000000000000000000e+00
  +1.00000000000000000000e+00
  +1.00000000000000000000e+00
  +1.00000000000000000000e+00
  +1.00000000000000000000e+00
  +1.00000000000000000000e+00
  +1.00000000000000000000e+00
  +0.00000000000000000000e+00
  +0.00000000000000000000e+00
  +0.00000000000000000000e+00
  +0.00000000000000000000e+00
  +0.00000000000000000000e+00
  +0.00000000000000000000e+00
  +0.00000000000000000000e+00
  +0.00000000000000000000e+00
  +0.00000000000000000000e+00
  +0.00000000000000000000e+00
  +0.00000000000000000000e+00
  +1.00000000000000000000e+00
  +1.00000000000000000000e+00
  +1.00000000000000000000e+00
  +1.00000000000000000000e+00
  +1.00000000000000000000e+00
  +1.00000000000000000000e+00
  +1.00000000000000000000e+00
  +1.00000000000000000000e+00
  +1.00000000000000000000e+00
  +1.00000000000000000000e+00
  +1.00000000000000000000e+00
  +0.00000000000000000000e+00
  +0.00000000000000000000e+00
  +0.00000000000000000000e+00
  +0.00000000000000000000e+00
  +0.00000000000000000000e+00
  +0.00000000000000000000e+00
  +0.00000000000000000000e+00
  +0.00000000000000000000e+00
  +0.00000000000000000000e+00
  +0.00000000000000000000e+00
  +0.00000000000000000000e+00
  +1.00000000000000000000e+00
  +1.00000000000000000000e+00
  +1.00000000000000000000e+00
  +1.00000000000000000000e+00
  +1.00000000000000000000e+00
  +1.00000000000000000000e+00
  +1.00000000000000000000e+00
  +1.00000000000000000000e+00
  +1.00000000000000000000e+00
  +1.00000000000000000000e+00
  +1.00000000000000000000e+00
  +0.00000000000000000000e+00
  +0.00000000000000000000e+00
  +0.00000000000000000000e+00
  +0.00000000000000000000e+00
  +0.00000000000000000000e+00
  +0.00000000000000000000e+00
  +0.00000000000000000000e+00
  +0.00000000000000000000e+00
  +0.00000000000000000000e+00
  +0.00000000000000000000e+00
  +0.00000000000000000000e+00
  +1.00000000000000000000e+00
  +1.00000000000000000000e+00
  +1.00000000000000000000e+00
  +1.00000000000000000000e+00
  +1.00000000000000000000e+00
  +1.00000000000000000000e+00
  +1.00000000000000000000e+00
  +1.00000000000000000000e+00
  +1.00000000000000000000e+00
  +1.00000000000000000000e+00
  +1.00000000000000000000e+00
  +0.00000000000000000000e+00
  +0.00000000000000000000e+00
  +0.00000000000000000000e+00
  +0.00000000000000000000e+00
  +0.00000000000000000000e+00
  +0.00000000000000000000e+00
  +0.00000000000000000000e+00
  +0.00000000000000000000e+00
  +0.00000000000000000000e+00
  +0.00000000000000000000e+00
  +0.00000000000000000000e+00
  +1.00000000000000000000e+00
  +1.00000000000000000000e+00
  +1.00000000000000000000e+00
  +1.00000000000000000000e+00
  +1.00000000000000000000e+00
  +1.00000000000000000000e+00
  +1.00000000000000000000e+00
  +1.00000000000000000000e+00
  +1.00000000000000000000e+00
  +1.00000000000000000000e+00
  +1.00000000000000000000e+00
  +0.00000000000000000000e+00
  +0.00000000000000000000e+00
  +0.00000000000000000000e+00
  +0.00000000000000000000e+00
  +0.00000000000000000000e+00
  +0.00000000000000000000e+00
  +0.00000000000000000000e+00
  +0.00000000000000000000e+00
  +0.00000000000000000000e+00
  +0.00000000000000000000e+00
  +0.00000000000000000000e+00
</dep>
<dep _net4.Vt time>
  +0.00000000000000000000e+00
  +4.56967796935714432038e-13
  +2.52714515980301257514e-14
  -1.51822998617490156903e-14
  -1.27189925258619496162e-14
  -1.06581410364015027881e-14
  -8.90260087871297400852e-15
  -7.45237205279636327759e-15
  -6.22418783180478385475e-15
  -5.20417042793042128324e-15
  -4.36456426555764664954e-15
  -3.65679708735910935502e-15
  -2.49789238455762267305e-13
  -1.41266607463779425283e-14
  +8.42736037387345423548e-15
  +7.05518681187582125270e-15
  +5.90643555540608488507e-15
  +4.94472816955639641499e-15
  +4.13960948891171384600e-15
  +3.46558316920083580401e-15
  +2.90130427394627515026e-15
  +2.42890332710151231527e-15
  +2.03342042590395584809e-15
  +6.54865051075148585369e-13
  +3.61516372393566598475e-14
  -2.16909823436139959085e-14
  -1.81174519831017732940e-14
  -1.51476053922294795484e-14
  -1.26912369502463207027e-14
  -1.06234465668819666462e-14
  -8.88872309090515955177e-15
  -7.43849426498854882084e-15
  -6.21031004399696939799e-15
  -5.19029264012260682648e-15
  -5.08776576258675583402e-13
  -2.81320547969591983555e-14
  +1.68800555165820290167e-14
  +1.41315832930950383353e-14
  +1.18306273444128713400e-14
  +9.90432143797775400097e-15
  +8.29166368705817561976e-15
  +6.94158475467620909579e-15
  +5.81133059961928112948e-15
  +4.86510854964655338584e-15
  +4.07295382599548581129e-15
  +5.15476550333460181719e-13
  +2.84355872182118218916e-14
  -1.70558012158039673523e-14
  -1.43010603359527976863e-14
  -1.19765308781438761798e-14
  -1.00197627972420377773e-14
  -8.39606162372774633695e-15
  -7.02909952465802234656e-15
  -5.88418203051332966425e-15
  -4.93355356567803937651e-15
  -4.13558076672870811308e-15
  -4.63039669498925635629e-13
  -2.56234006194885709140e-14
  +1.53721113683210943320e-14
  +1.28691681125554450603e-14
  +1.07737632092956485572e-14
  +9.01953977714599577745e-15
  +7.55094540423236201652e-15
  +6.32147292505643512316e-15
  +5.29218764048049058803e-15
  +4.43049434112769159593e-15
  +3.70910508853052660217e-15
  +4.81170658872542844620e-13
  +2.65759636519646846864e-14
  -1.59178226155631818983e-14
  -1.33365540833096929418e-14
  -1.11577413974828232313e-14
  -9.34669008856303662469e-15
  -7.82013342970344638161e-15
  -6.55725473919233081688e-15
  -5.48866507799061764672e-15
  -4.59354776438658518600e-15
  -3.84414722276460452122e-15
  -2.81074269292411997236e-13
  -1.58378043360930586041e-14
  +9.45850025721872899933e-15
  +7.91843273746011466846e-15
  +6.62912462996721561387e-15
  +5.54974637237795154830e-15
  +4.64611642063433143962e-15
  +3.88961879438801956194e-15
  +3.25629687161194757759e-15
  +2.72609473487956541829e-15
  +2.28222204441060401716e-15
  +4.79616346638067625463e-13
  +2.65482080763490557729e-14
  -1.59178226155631818983e-14
  -1.33018596137901568000e-14
  -1.11369247157711015461e-14
  -9.32587340685131493956e-15
  -7.79931674799172469648e-15
  -6.53643805748060913174e-15
  -5.48172618408671041834e-15
  -4.57966997657877072925e-15
  -3.83026943495679006446e-15
  -4.43184619630610428070e-13
  -2.45560440051364412036e-14
  +1.47275868453596501029e-14
  +1.23295874238707839854e-14
  +1.03220390169195101655e-14
  +8.64136696581851338948e-15
  +7.23434806975036896588e-15
  +6.05642512363129376409e-15
  +5.07029588906939688572e-15
  +4.24473181421915818012e-15
  +3.55358909397914810904e-15
</dep>
<dep VoutDif.Vt time>
  +0.00000000000000000000e+00
  -4.56907400803174823523e-10
  -2.52668996836291626096e-11
  +1.51771928358357399702e-11
  +1.27258203974633943290e-11
  +1.06510356090439017862e-11
  +8.90310047907405532897e-12
  +7.45359329812345094979e-12
  +6.22435436525847762823e-12
  +5.20117282576393336058e-12
  +4.36273239756701514125e-12
  +3.65218966180691495538e-12
  +2.49789238455762258823e-10
  +1.41266607463779428438e-11
  -8.42736037387345347817e-12
  -7.05518681187582207943e-12
  -5.90643555540608602734e-12
  -4.94472816955639732376e-12
  -4.13960948891171465380e-12
  -3.46558316920083632781e-12
  -2.90130427394627510609e-12
  -2.42890332710151270970e-12
  -2.03342042590395601533e-12
  -6.54949872114229947329e-10
  -3.61524143954738974571e-11
  +2.16857642953982576728e-11
  +1.81188397618825547397e-11
  +1.51558765537629369646e-11
  +1.26973986880329903215e-11
  +1.06226138996134977788e-11
  +8.89599505171645432711e-12
  +7.43938244340824894607e-12
  +6.21014351054327562451e-12
  +5.19406739840633235872e-12
  +5.08776576258675572901e-10
  +2.81320547969592075441e-11
  -1.68800555165820281836e-11
  -1.41315832930950421219e-11
  -1.18306273444128729051e-11
  -9.90432143797775331939e-12
  -8.29166368705817644017e-12
  -6.94158475467620741078e-12
  -5.81133059961928162173e-12
  -4.86510854964655358779e-12
  -4.07295382599548613314e-12
  -5.15456122229807078838e-10
  -2.84501311398344114423e-11
  +1.70530256582424044609e-11
  +1.43032252708508167416e-11
  +1.19797505249152891338e-11
  +1.00257580015750136226e-11
  +8.39861513668438419700e-12
  +7.03437308402499184012e-12
  +5.89039927945123054087e-12
  +4.93116658617509528995e-12
  +4.13535872212378308177e-12
  +4.63039669498925793957e-10
  +2.56234006194885751549e-11
  -1.53721113683210941301e-11
  -1.28691681125554476603e-11
  -1.07737632092956486834e-11
  -9.01953977714600057373e-12
  -7.55094540423236373308e-12
  -6.32147292505643669457e-12
  -5.29218764048049021568e-12
  -4.43049434112769197458e-12
  -3.70910508853052823038e-12
  -4.81236384075600653887e-10
  -2.65742983174277469516e-11
  +1.59161572810262441635e-11
  +1.33297817228594794869e-11
  +1.11626263787911739200e-11
  +9.34363697524531744421e-12
  +7.82307552071870304644e-12
  +6.55830945106572471559e-12
  +5.49249534742557443678e-12
  +4.59010607301024720073e-12
  +3.84403620046214200556e-12
  +2.81074269292412114770e-10
  +1.58378043360930593867e-11
  -9.45850025721873157417e-12
  -7.91843273746011497138e-12
  -6.62912462996721652264e-12
  -5.54974637237795234978e-12
  -4.64611642063433091582e-12
  -3.88961879438802004788e-12
  -3.25629687161194776060e-12
  -2.72609473487956619453e-12
  -2.28222204441060399823e-12
  -4.79531081509776413441e-10
  -2.65458766079973429441e-11
  +1.59161572810262441635e-11
  +1.33084654407866764814e-11
  +1.11342046693607699126e-11
  +9.32942612053011544049e-12
  +7.79465381128829903901e-12
  +6.53699316899292171001e-12
  +5.48538992006797343493e-12
  +4.57589521829504519701e-12
  +3.82982534574694000185e-12
  +4.43184619630610573877e-10
  +2.45560440051364405472e-11
  -1.47275868453596476796e-11
  -1.23295874238707848689e-11
  -1.03220390169195114529e-11
  -8.64136696581851515652e-12
  -7.23434806975037080866e-12
  -6.05642512363129385244e-12
  -5.07029588906939665222e-12
  -4.24473181421915885539e-12
  -3.55358909397914810273e-12
</dep>
<dep _net3.Vt time>
  +0.00000000000000000000e+00
  +9.08677762080802422021e-04
  +1.81652988149708940167e-03
  +2.72355706443232854427e-03
  +3.62976005576504025946e-03
  +4.53513960053254262805e-03
  +5.43969644698246834053e-03
  +6.34343134268253953240e-03
  +7.24634503452117710587e-03
  +8.14843826870812436292e-03
  +9.04971179077505329114e-03
  +9.95016634557619079893e-03
  +9.94112490015068572813e-03
  +9.93209162049945790129e-03
  +9.92306654910390766033e-03
  +9.91404967855242895414e-03
  +9.90504100143128549116e-03
  +9.89604051029530085160e-03
  +9.88704819770604842466e-03
  +9.87806405623185834752e-03
  +9.86908807844781924001e-03
  +9.86012025693577300045e-03
  +9.85116058428429225424e-03
  +1.07508868149379585577e-02
  +1.16497955373319923844e-02
  +1.25478874498302431229e-02
  +1.34451632899741796434e-02
  +1.43416237954572568791e-02
  +1.52372697071559946858e-02
  +1.61321017652737083714e-02
  +1.70261207093410880942e-02
  +1.79193272782168580570e-02
  +1.88117222100883454972e-02
  +1.97033062424720947781e-02
  +1.96854023352304279004e-02
  +1.96675146468542720590e-02
  +1.96496432124542291797e-02
  +1.96317880173537302746e-02
  +1.96139490468731254869e-02
  +1.95961262862694544917e-02
  +1.95783197208131663769e-02
  +1.95605293357880849481e-02
  +1.95427551164914191373e-02
  +1.95249970482337213695e-02
  +1.95072551163388945017e-02
  +2.03982070680105674609e-02
  +2.12883494845233466053e-02
  +2.21776830568030242086e-02
  +2.30662085151979619202e-02
  +2.39539265902099160477e-02
  +2.48408380154902588832e-02
  +2.57269435240237154261e-02
  +2.66122438481289670664e-02
  +2.74967397194592413912e-02
  +2.83804318690029575012e-02
  +2.92633210270842637757e-02
  +2.92367301465292495077e-02
  +2.92101633784696071428e-02
  +2.91836207507910373737e-02
  +2.91571022416959590995e-02
  +2.91306078293821144043e-02
  +2.91041374919532962184e-02
  +2.90776912075331669949e-02
  +2.90512689542653072816e-02
  +2.90248707103131359242e-02
  +2.89984964538599308825e-02
  +2.89721461631087702504e-02
  +2.98544975784769753280e-02
  +3.07360472735947985734e-02
  +3.16167959324127056941e-02
  +3.24967442782287188607e-02
  +3.33758930344937310153e-02
  +3.42542429277770746343e-02
  +3.51317946839878325616e-02
  +3.60085490283754555696e-02
  +3.68845066855303660436e-02
  +3.77596683793846310540e-02
  +3.86340348332124203234e-02
  +3.85989289929326434558e-02
  +3.85638550024811760375e-02
  +3.85288128826558606832e-02
  +3.84938026046791822998e-02
  +3.84588241397658264775e-02
  +3.84238774590079795734e-02
  +3.83889625335240847193e-02
  +3.83540793344588071268e-02
  +3.83192278329830549044e-02
  +3.82844080002939374241e-02
  +3.82496198076147445044e-02
  +3.91235409885350368664e-02
  +3.99966681095424436698e-02
  +4.08690018475763236494e-02
  +4.17405429190240567783e-02
  +4.26112920404246309225e-02
  +4.34812499314055009303e-02
  +4.43504173109401864106e-02
  +4.52187948973489101112e-02
  +4.60863834082991877250e-02
  +4.69531835608064107568e-02
  +4.78191960712343808182e-02
  +4.77757438787444199679e-02
  +4.77323311201989439190e-02
  +4.76889578094529253960e-02
  +4.76456239108868778720e-02
  +4.76023293888736473423e-02
  +4.75590742076326053467e-02
  +4.75158583314156737765e-02
  +4.74726817245072554852e-02
  +4.74295443512241926554e-02
  +4.73864461759157459819e-02
  +4.73433871629635877332e-02
</dep>
<dep _net2.Vt time>
  +0.00000000000000000000e+00
  +9.08676849272979495799e-04
  +1.81652804845016334866e-03
  +2.72355430372185191440e-03
  +3.62975635997325176904e-03
  +4.53513496224836661769e-03
  +5.43969085880154253065e-03
  +6.34342479720720938546e-03
  +7.24633752436048758638e-03
  +8.14842978647781386592e-03
  +9.04970232909754583595e-03
  +9.95015589708058909024e-03
  +9.94111437028165345620e-03
  +9.93208100933098622654e-03
  +9.92305585670987151670e-03
  +9.91403890500663388663e-03
  +9.90503014680747112530e-03
  +9.89602957466714089341e-03
  +9.88703718114714892595e-03
  +9.87805295881575944061e-03
  +9.86907690024799166828e-03
  +9.86010899802562505723e-03
  +9.85114924473715937447e-03
  +1.07508744820178844814e-02
  +1.16497822036806392143e-02
  +1.25478731080960262401e-02
  +1.34451479328121271950e-02
  +1.43416074155290063086e-02
  +1.52372522971298170191e-02
  +1.61320833178245047479e-02
  +1.70261012171503828272e-02
  +1.79193067339727916953e-02
  +1.88117006064856644165e-02
  +1.97032835722121477118e-02
  +1.96853795038342722912e-02
  +1.96674916544683636710e-02
  +1.96496200592248433658e-02
  +1.96317647034270070794e-02
  +1.96139255723950765853e-02
  +1.95961026513859597198e-02
  +1.95782959256699702622e-02
  +1.95605053805308001791e-02
  +1.95427310012655230942e-02
  +1.95249727731845665324e-02
  +1.95072306816116945727e-02
  +2.03981815609363091590e-02
  +2.12883228978150290667e-02
  +2.21776553831803252548e-02
  +2.30661797473870923414e-02
  +2.39538967209436126637e-02
  +2.48408070375078227077e-02
  +2.57269114300709943188e-02
  +2.66122106309583557338e-02
  +2.74967053718296744469e-02
  +2.83803963836798886500e-02
  +2.92632843968396692824e-02
  +2.92366932769632589806e-02
  +2.92101262697996959250e-02
  +2.91835834032344206002e-02
  +2.91570646554696645547e-02
  +2.91305700047029755839e-02
  +2.91040994290379419207e-02
  +2.90776529065980317290e-02
  +2.90512304155266347372e-02
  +2.90248319339869616240e-02
  +2.89984574401620995299e-02
  +2.89721069122549322594e-02
  +2.98544571778587945754e-02
  +3.07360057159950066097e-02
  +3.16167532106206294884e-02
  +3.24967003850401350840e-02
  +3.33758479627108695098e-02
  +3.42541966702086461694e-02
  +3.51317472334490218944e-02
  +3.60085003776878936899e-02
  +3.68844568275221718068e-02
  +3.77596173068903417924e-02
  +3.86339825390730265409e-02
  +3.85988763828314512816e-02
  +3.85638020767052266957e-02
  +3.85287596414918831478e-02
  +3.84937490484136488056e-02
  +3.84587702686849525202e-02
  +3.84238232733977100319e-02
  +3.83889080336701285501e-02
  +3.83540245206465818528e-02
  +3.83191727054977421263e-02
  +3.82843525594204342477e-02
  +3.82495640536377121133e-02
  +3.91234840088990828977e-02
  +3.99966098970983910399e-02
  +4.08689423951815317126e-02
  +4.17404822195422478548e-02
  +4.26112300867259180537e-02
  +4.34811867163663670621e-02
  +4.43503528274435190881e-02
  +4.52187291382839737230e-02
  +4.60863163665616304421e-02
  +4.69531152292982367769e-02
  +4.78191264428639642436e-02
  +4.77756738592838986479e-02
  +4.77322607100034920768e-02
  +4.76888870088773703104e-02
  +4.76455527202857137548e-02
  +4.76022578086010492160e-02
  +4.75590022380424290449e-02
  +4.75157859728614420658e-02
  +4.74726089773421788820e-02
  +4.74294712158011555481e-02
  +4.73863726525873066309e-02
  +4.73433132520820060263e-02
</dep>
<dep Vout3.Vt time>
  +0.00000000000000000000e+00
  +9.12807820189543740741e-04
  +1.83304690363710227896e-03
  +2.76071039958930650876e-03
  +3.69579160407911173902e-03
  +4.63828381171030659780e-03
  +5.58818028819353489201e-03
  +6.54547430535874774638e-03
  +7.51015914114963080428e-03
  +8.48222807961805311261e-03
  +9.46167441091851253721e-03
  +1.04484914313025967908e-02
  +1.05298647634028512410e-02
  +1.06111641028688551136e-02
  +1.06923895673688568175e-02
  +1.07735412236079370479e-02
  +1.08546191383102758055e-02
  +1.09356233784831790440e-02
  +1.10165540110730535150e-02
  +1.10974111029654761568e-02
  +1.11781947209852478703e-02
  +1.12589049318964525004e-02
  +1.13395418024024949993e-02
  +1.23329132164463669413e-02
  +1.33336426884168440798e-02
  +1.43417234329660768510e-02
  +1.53571488121610373601e-02
  +1.63799121867009012110e-02
  +1.74100068886368607168e-02
  +1.84474262560791364696e-02
  +1.94921636331914435725e-02
  +2.05442123701855272611e-02
  +2.16035658233156464825e-02
  +2.26702173548730748220e-02
  +2.28313526520847361045e-02
  +2.29923414781906081117e-02
  +2.31531840171947146667e-02
  +2.33138804011874430089e-02
  +2.34744307622869845253e-02
  +2.36348352331810750149e-02
  +2.37950939464369112808e-02
  +2.39552070345012274588e-02
  +2.41151746297004164477e-02
  +2.42749968642406097064e-02
  +2.44346738702077952154e-02
  +2.55070135966910249703e-02
  +2.65866396225662368624e-02
  +2.76735452294103144444e-02
  +2.87677238440288175758e-02
  +2.98691688918467750102e-02
  +3.09778737699422934693e-02
  +3.20938318813934198026e-02
  +3.32170366352726800785e-02
  +3.43474814466415909187e-02
  +3.54851597365453408361e-02
  +3.66300649320071489146e-02
  +3.68693827835867224407e-02
  +3.71084831207548898613e-02
  +3.73473661925376315684e-02
  +3.75860321951153597553e-02
  +3.78244813247101546727e-02
  +3.80627137783896979384e-02
  +3.83007297530425505627e-02
  +3.85385294453784166269e-02
  +3.87761130519282334883e-02
  +3.90134807690443799477e-02
  +3.92506327929008011490e-02
  +4.04003771336616385179e-02
  +4.15573374389963529074e-02
  +4.27215070532681318038e-02
  +4.38928794667364924331e-02
  +4.50714481682839632204e-02
  +4.62572066187279876126e-02
  +4.74501482848280198290e-02
  +4.86502666392800500739e-02
  +4.98575551607113309771e-02
  +5.10720073336749305626e-02
  +5.22936166486443337886e-02
  +5.26095689183572676195e-02
  +5.29252340370365420563e-02
  +5.32406123174991793845e-02
  +5.35557040187446264934e-02
  +5.38705093998431625013e-02
  +5.41850287209675179900e-02
  +5.44992622420540709371e-02
  +5.48132102228029230440e-02
  +5.51268729226782674968e-02
  +5.54402506009084791727e-02
  +5.57533435164864615841e-02
  +5.69789597410151199552e-02
  +5.82117229864544394324e-02
  +5.94516266602721707435e-02
  +6.06986643149236976269e-02
  +6.19528295015002311574e-02
  +6.32141157432963285423e-02
  +6.44825165694917767922e-02
  +6.57580255151462983454e-02
  +6.70406361211941109746e-02
  +6.83303419344387097389e-02
  +6.96271365075474130135e-02
  +7.00182057140947833318e-02
  +7.04089195119523836297e-02
  +7.07992782764191724842e-02
  +7.11892823280732417457e-02
  +7.15789319875622803702e-02
  +7.19682275769145674005e-02
  +7.23571694178657687235e-02
  +7.27457578318592285038e-02
  +7.31339931400461773503e-02
  +7.35218756632859959943e-02
  +7.39094057221465622343e-02
</dep>
<dep Vin.Vt time>
  +0.00000000000000000000e+00
  +1.00000000000000000000e+00
  +1.00000000000000000000e+00
  +1.00000000000000000000e+00
  +1.00000000000000000000e+00
  +1.00000000000000000000e+00
  +1.00000000000000000000e+00
  +1.00000000000000000000e+00
  +1.00000000000000000000e+00
  +1.00000000000000000000e+00
  +1.00000000000000000000e+00
  +1.00000000000000000000e+00
  +0.00000000000000000000e+00
  +0.00000000000000000000e+00
  +0.00000000000000000000e+00
  +0.00000000000000000000e+00
  +0.00000000000000000000e+00
  +0.00000000000000000000e+00
  +0.00000000000000000000e+00
  +0.00000000000000000000e+00
  +0.00000000000000000000e+00
  +0.00000000000000000000e+00
  +0.00000000000000000000e+00
  +1.00000000000000000000e+00
  +1.00000000000000000000e+00
  +1.00000000000000000000e+00
  +1.00000000000000000000e+00
  +1.00000000000000000000e+00
  +1.00000000000000000000e+00
  +1.00000000000000000000e+00
  +1.00000000000000000000e+00
  +1.00000000000000000000e+00
  +1.00000000000000000000e+00
  +1.00000000000000000000e+00
  +0.00000000000000000000e+00
  +0.00000000000000000000e+00
  +0.00000000000000000000e+00
  +0.00000000000000000000e+00
  +0.00000000000000000000e+00
  +0.00000000000000000000e+00
  +0.00000000000000000000e+00
  +0.00000000000000000000e+00
  +0.00000000000000000000e+00
  +0.00000000000000000000e+00
  +0.00000000000000000000e+00
  +1.00000000000000000000e+00
  +1.00000000000000000000e+00
  +1.00000000000000000000e+00
  +1.00000000000000000000e+00
  +1.00000000000000000000e+00
  +1.00000000000000000000e+00
  +1.00000000000000000000e+00
  +1.00000000000000000000e+00
  +1.00000000000000000000e+00
  +1.00000000000000000000e+00
  +1.00000000000000000000e+00
  +0.00000000000000000000e+00
  +0.00000000000000000000e+00
  +0.00000000000000000000e+00
  +0.00000000000000000000e+00
  +0.00000000000000000000e+00
  +0.00000000000000000000e+00
  +0.00000000000000000000e+00
  +0.00000000000000000000e+00
  +0.00000000000000000000e+00
  +0.00000000000000000000e+00
  +0.00000000000000000000e+00
  +1.00000000000000000000e+00
  +1.00000000000000000000e+00
  +1.00000000000000000000e+00
  +1.00000000000000000000e+00
  +1.00000000000000000000e+00
  +1.00000000000000000000e+00
  +1.00000000000000000000e+00
  +1.00000000000000000000e+00
  +1.00000000000000000000e+00
  +1.00000000000000000000e+00
  +1.00000000000000000000e+00
  +0.00000000000000000000e+00
  +0.00000000000000000000e+00
  +0.00000000000000000000e+00
  +0.00000000000000000000e+00
  +0.00000000000000000000e+00
  +0.00000000000000000000e+00
  +0.00000000000000000000e+00
  +0.00000000000000000000e+00
  +0.00000000000000000000e+00
  +0.00000000000000000000e+00
  +0.00000000000000000000e+00
  +1.00000000000000000000e+00
  +1.00000000000000000000e+00
  +1.00000000000000000000e+00
  +1.00000000000000000000e+00
  +1.00000000000000000000e+00
  +1.00000000000000000000e+00
  +1.00000000000000000000e+00
  +1.00000000000000000000e+00
  +1.00000000000000000000e+00
  +1.00000000000000000000e+00
  +1.00000000000000000000e+00
  +0.00000000000000000000e+00
  +0.00000000000000000000e+00
  +0.00000000000000000000e+00
  +0.00000000000000000000e+00
  +0.00000000000000000000e+00
  +0.00000000000000000000e+00
  +0.00000000000000000000e+00
  +0.00000000000000000000e+00
  +0.00000000000000000000e+00
  +0.00000000000000000000e+00
  +0.00000000000000000000e+00
</dep>
<dep _net1.Vt time>
  +0.00000000000000000000e+00
  +9.08704239188796631545e-08
  +1.81674704137139453824e-07
  +2.72429269807640045723e-07
  +3.63150488314331586852e-07
  +4.53854673360407028147e-07
  +5.44558097109622665933e-07
  +6.35277001544461643127e-07
  +7.26027610143579717163e-07
  +8.16826139507219223346e-07
  +9.07688810948392160393e-07
  +9.98631862067505370056e-07
  +9.97717748318924421748e-07
  +9.96804478298578555017e-07
  +9.95892056234759892559e-07
  +9.94980481312090378907e-07
  +9.94069752715175229696e-07
  +9.93159869625634292935e-07
  +9.92250831225967060351e-07
  +9.91342636699552243870e-07
  +9.90435285230646081552e-07
  +9.89528776004382125829e-07
  +9.88623108206768702412e-07
  +1.07965136890713395390e-06
  +1.17079078909217838084e-06
  +1.26205771408330598717e-06
  +1.35346855470994755157e-06
  +1.44503979511226190737e-06
  +1.53678800488682628827e-06
  +1.62872985063516251702e-06
  +1.72088210802751947692e-06
  +1.81326167400905770363e-06
  +1.90588557916734060206e-06
  +1.99877100028045141591e-06
  +1.99690205930873487889e-06
  +1.99503495791871483084e-06
  +1.99316969922793711523e-06
  +1.99130628115878703706e-06
  +1.98944470163501362436e-06
  +1.98758495857544591431e-06
  +1.98572704990199021478e-06
  +1.98387097353962925728e-06
  +1.98201672741640949152e-06
  +1.98016430946343769724e-06
  +1.97831371761487547850e-06
  +2.07141514276110554003e-06
  +2.16480906579998933623e-06
  +2.25851313294955934846e-06
  +2.35254519020640048989e-06
  +2.44692329294428972063e-06
  +2.54166572023216146730e-06
  +2.63679098875503016013e-06
  +2.73231786748634449677e-06
  +2.82826539273573823789e-06
  +2.92465288359834322957e-06
  +3.02149995783292429007e-06
  +3.01857461952108845879e-06
  +3.01565244848036601027e-06
  +3.01273344578910273121e-06
  +3.00981760706639763159e-06
  +3.00690492793735264390e-06
  +3.00399540402321697127e-06
  +3.00108903095390750496e-06
  +2.99818580436797113144e-06
  +2.99528571991257202685e-06
  +2.99238877324346074033e-06
  +2.98949496002495767685e-06
  +3.08666111194812133975e-06
  +3.18432032670510070527e-06
  +3.28249309600468775944e-06
  +3.38120027702395660078e-06
  +3.48046310638368492428e-06
  +3.58030321937414692198e-06
  +3.68074266906603157510e-06
  +3.78180394652445153001e-06
  +3.88351000174712745105e-06
  +3.98588426536945567501e-06
  +4.08895067118169665591e-06
  +4.08479665542264285021e-06
  +4.08064771348302913166e-06
  +4.07650384253623540451e-06
  +4.07236503390779725593e-06
  +4.06823127894099476629e-06
  +4.06410256898321612577e-06
  +4.05997889540351154515e-06
  +4.05586024959251448171e-06
  +4.05174662296237811181e-06
  +4.04763800694669486274e-06
  +4.04353439300042526194e-06
  +4.14699917793913522312e-06
  +4.25119451319292102309e-06
  +4.35614572419247463242e-06
  +4.46187873173675818853e-06
  +4.56842007422565374466e-06
  +4.67579693600485274120e-06
  +4.78403717607403875515e-06
  +4.89316935848984680465e-06
  +5.00322278408855843068e-06
  +5.11422752360578365471e-06
  +5.22621445227541398085e-06
  +5.22056855768003766317e-06
  +5.21493059229187383739e-06
  +5.20930054585482819662e-06
  +5.20367840172895543271e-06
  +5.19806414331998394810e-06
  +5.19245775406024660304e-06
  +5.18685921743263057224e-06
  +5.18126851697038422130e-06
  +5.17568563625692652433e-06
  +5.17011055892562344723e-06
  +5.16454326865962108222e-06
</dep>
<dep Vout2.Vt time>
  +0.00000000000000000000e+00
  -9.08676812078792750516e-02
  -1.81652789965192157373e-01
  -2.72355396886685696689e-01
  -3.62975576455009663057e-01
  -4.53513403167285056306e-01
  -5.43968951840278047705e-01
  -6.34342297221308082378e-01
  -7.24633513988302890851e-01
  -8.14842676749849115225e-01
  -9.04969860045245932945e-01
  -9.95015138344555016836e-01
  -9.94110904466351308351e-01
  -9.93207487329753946348e-01
  -9.92304891182680059991e-01
  -9.91403115283744251762e-01
  -9.90502158891349515635e-01
  -9.89602021260751918419e-01
  -9.88702701647883319680e-01
  -9.87804199309352370939e-01
  -9.86906513502443627495e-01
  -9.86009643485117104333e-01
  -9.85113588516005500573e-01
  -1.07508602792954088834e+00
  -1.16497670821361998250e+00
  -1.25478569918485494128e+00
  -1.34451307457610624851e+00
  -1.43415890813388480218e+00
  -1.52372327392140149982e+00
  -1.61320624593294903448e+00
  -1.70260789809393764394e+00
  -1.79192830426093885343e+00
  -1.88116753822172033672e+00
  -1.97032567369528432977e+00
  -1.96853510598335557091e+00
  -1.96674616048837647142e+00
  -1.96495884072095750028e+00
  -1.96317314521297903163e+00
  -1.96138907249600991101e+00
  -1.95960662109528982455e+00
  -1.95782578953739894168e+00
  -1.95604657635025547258e+00
  -1.95426898006311633438e+00
  -1.95249299920657404250e+00
  -1.95071863231255648863e+00
  -2.03981355483825099739e+00
  -2.12882751524558422318e+00
  -2.21776058258944663848e+00
  -2.30661282986551485763e+00
  -2.39538433008298579097e+00
  -2.48407515656405486482e+00
  -2.57268538256236389827e+00
  -2.66121508126302686037e+00
  -2.74966432578265651543e+00
  -2.83803318916938263072e+00
  -2.92632174440287329276e+00
  -2.92366239151549178743e+00
  -2.92100545038342040982e+00
  -2.91835092379451443989e+00
  -2.91569880956826654739e+00
  -2.91304910552371687515e+00
  -2.91040180947049575977e+00
  -2.90775691922023327152e+00
  -2.90511443258654322719e+00
  -2.90247434738502896323e+00
  -2.89983666143327889486e+00
  -2.89720137255086385153e+00
  -2.98543615017895103136e+00
  -3.07359074667960019411e+00
  -3.16166523038918256816e+00
  -3.24965967357711704722e+00
  -3.33757414852583256248e+00
  -3.42540872782708394340e+00
  -3.51316348400424205423e+00
  -3.60083848951229468227e+00
  -3.68843381673784653785e+00
  -3.77594953799911881021e+00
  -3.86338572554593984165e+00
  -3.85987478672757156062e+00
  -3.85636703359025556637e+00
  -3.85286246821276145980e+00
  -3.84936108771626184222e+00
  -3.84586288922114860611e+00
  -3.84236786983555056452e+00
  -3.83887602667022598268e+00
  -3.83538735683856124581e+00
  -3.83190185745656641814e+00
  -3.82841952564287479888e+00
  -3.82494035851873359633e+00
  -3.91233201699632626713e+00
  -3.99964425964074976605e+00
  -4.08687715406098472926e+00
  -4.17403077180866777240e+00
  -4.26110518444762398360e+00
  -4.34810046384717718837e+00
  -4.43501668180814778708e+00
  -4.52185391006280834603e+00
  -4.60861222027487293929e+00
  -4.69529168403943941712e+00
  -4.78189237288294055617e+00
  -4.77754670464125297258e+00
  -4.77320498071076304569e+00
  -4.76886720247650597315e+00
  -4.76453336637500779460e+00
  -4.76020346884201916993e+00
  -4.75587750629794481227e+00
  -4.75155547516644016781e+00
  -4.74723737187441496843e+00
  -4.74292319285202790269e+00
  -4.73861293453267773401e+00
  -4.73430659335301129431e+00
</dep>
<dep _net0.Vt time>
  +0.00000000000000000000e+00
  +9.09117373680698152831e-08
  +1.81839952513906274722e-07
  +2.72801133523526488968e-07
  +3.63811797348027924985e-07
  +4.54888496861810141049e-07
  +5.46047832926643899478e-07
  +6.37306466529968582333e-07
  +7.28681131016268284216e-07
  +8.20188644430705763899e-07
  +9.11845921994481083628e-07
  +1.00366998873173418356e-06
  +1.00366990153640182346e-06
  +1.00366980928583559141e-06
  +1.00366971703527698265e-06
  +1.00366962478472811477e-06
  +1.00366953253418750546e-06
  +1.00366944028365515473e-06
  +1.00366934803313212135e-06
  +1.00366925578261798182e-06
  +1.00366916353211167735e-06
  +1.00366907128161447848e-06
  +1.00366897903112638522e-06
  +1.09567697538675965103e-06
  +1.18788619662378025804e-06
  +1.28031406970096608382e-06
  +1.37297818887031163066e-06
  +1.46589632431954510848e-06
  +1.55908643615117140819e-06
  +1.65256668866668368177e-06
  +1.74635546498039186457e-06
  +1.84047138198865986948e-06
  +1.93493330572126073121e-06
  +2.02976036710262687567e-06
  +2.02976017946826109439e-06
  +2.02975998660803618305e-06
  +2.02975979374782736534e-06
  +2.02975960088763972345e-06
  +2.02975940802747029278e-06
  +2.02975921516732203792e-06
  +2.02975902230719241779e-06
  +2.02975882944708354997e-06
  +2.02975863658699416390e-06
  +2.02975844372692510663e-06
  +2.02975825086687510759e-06
  +2.12496984788585413785e-06
  +2.22058570913863865309e-06
  +2.31662585410849682844e-06
  +2.41311064014268892604e-06
  +2.51006077549770980703e-06
  +2.60749733821600219042e-06
  +2.70544179564606893876e-06
  +2.80391602464557299676e-06
  +2.90294233250990707309e-06
  +3.00254347867080436280e-06
  +3.10274269721201376764e-06
  +3.10274239089424634164e-06
  +3.10274207904869277395e-06
  +3.10274176720317944032e-06
  +3.10274145535770083505e-06
  +3.10274114351226415790e-06
  +3.10274083166686220911e-06
  +3.10274051982149837680e-06
  +3.10274020797617011987e-06
  +3.10273989613088124997e-06
  +3.10273958428563219062e-06
  +3.10273927244041658908e-06
  +3.20356026832012042598e-06
  +3.30502732784308856680e-06
  +3.40716524752744190984e-06
  +3.50999940334064733835e-06
  +3.61355577257527013719e-06
  +3.71786096241484758379e-06
  +3.82294223973177534911e-06
  +3.92882756219048352866e-06
  +4.03554561073512783648e-06
  +4.14312582354570812783e-06
  +4.25159843155195716838e-06
  +4.25159797441846872972e-06
  +4.25159751129386628019e-06
  +4.25159704816932312296e-06
  +4.25159658504484772837e-06
  +4.25159612192044094345e-06
  +4.25159565879610192116e-06
  +4.25159519567182727338e-06
  +4.25159473254762208230e-06
  +4.25159426942348295979e-06
  +4.25159380629941244695e-06
  +4.25159334317540800268e-06
  +4.36098935730660441327e-06
  +4.47134076163945124067e-06
  +4.58268038944136355011e-06
  +4.69504203235056485996e-06
  +4.80846047924374230280e-06
  +4.92297156332781572178e-06
  +5.03861221160521336398e-06
  +5.15542049686136774514e-06
  +5.27343569233597442140e-06
  +5.39269832925045856470e-06
  +5.51325025737659644472e-06
  +5.51324959577333474669e-06
  +5.51324892750399066937e-06
  +5.51324825923477195293e-06
  +5.51324759096567520924e-06
  +5.51324692269669535609e-06
  +5.51324625442784086381e-06
  +5.51324558615910495615e-06
  +5.51324491789049440937e-06
  +5.51324424962200160017e-06
  +5.51324358135363245777e-06
  +5.51324291308538613516e-06
</dep>
<dep Vout1.Vt time>
  +0.00000000000000000000e+00
  -9.09089909146549163266e-02
  -1.81817978497902821289e-01
  -2.72726957780559775557e-01
  -3.63635928742362057875e-01
  -4.54544891361523539786e-01
  -5.45453845614685794985e-01
  -6.36362791476918543410e-01
  -7.27271728921700999493e-01
  -8.18180657920902998370e-01
  -9.09089578444764234710e-01
  -9.99998490461871281099e-01
  -9.99998404219249459324e-01
  -9.99998312976627667936e-01
  -9.99998221734014092199e-01
  -9.99998130491409398246e-01
  -9.99998039248812697899e-01
  -9.99997948006224102180e-01
  -9.99997856763644499267e-01
  -9.99997765521073334050e-01
  -9.99997674278510162438e-01
  -9.99997583035955539543e-01
  -9.99997491793409687411e-01
  -1.09090639027102720426e+00
  -1.18181528517406797540e+00
  -1.27272417146575023139e+00
  -1.36363304910790805735e+00
  -1.45454191806059385250e+00
  -1.54545077828193955227e+00
  -1.63635962972822990302e+00
  -1.72726847235387159785e+00
  -1.81817730611135575103e+00
  -1.90908613095122126069e+00
  -1.99999494682201128803e+00
  -1.99999476729852543322e+00
  -1.99999458277507780046e+00
  -1.99999439825164437856e+00
  -1.99999421372822983045e+00
  -1.99999402920483126955e+00
  -1.99999384468145091631e+00
  -1.99999366015808721642e+00
  -1.99999347563474172418e+00
  -1.99999329111141332938e+00
  -1.99999310658810247610e+00
  -1.99999292206480916434e+00
  -2.09090172391363715576e+00
  -2.18181052168457334517e+00
  -2.27271931031927643119e+00
  -2.36362808975811988788e+00
  -2.45453685993923542696e+00
  -2.54544562079828429191e+00
  -2.63635437226860469551e+00
  -2.72726311428115497648e+00
  -2.81817184676445720015e+00
  -2.90908056964452876869e+00
  -2.99998928284482291318e+00
  -2.99998900577759375352e+00
  -2.99998872371042724083e+00
  -2.99998844164329181439e+00
  -2.99998815957618258921e+00
  -2.99998787750910445027e+00
  -2.99998759544205384486e+00
  -2.99998731337503121708e+00
  -2.99998703130803612282e+00
  -2.99998674924107122663e+00
  -2.99998646717413564033e+00
  -2.99998618510722581121e+00
  -3.09089488354990216123e+00
  -3.18180357715174455535e+00
  -3.27271226082742083818e+00
  -3.36362093448977450549e+00
  -3.45452959804867054672e+00
  -3.54543825141064772311e+00
  -3.63634689447912551330e+00
  -3.72725552715432595363e+00
  -3.81816414933317593849e+00
  -3.90907276090919619804e+00
  -3.99998136177241292444e+00
  -3.99998098026399517835e+00
  -3.99998059375557746264e+00
  -3.99998020724719705044e+00
  -3.99997982073885882670e+00
  -3.99997943423056323553e+00
  -3.99997904772231072101e+00
  -3.99997866121409817453e+00
  -3.99997827470592914878e+00
  -3.99997788819780231151e+00
  -3.99997750168971810680e+00
  -3.99997711518167387013e+00
  -4.09088570022063446885e+00
  -4.18179427931570568688e+00
  -4.27270284734488203782e+00
  -4.36361140418352277948e+00
  -4.45451994970282783015e+00
  -4.54542848376926755805e+00
  -4.63633700624491229547e+00
  -4.72724551698727601945e+00
  -4.81815401584916269684e+00
  -4.90906250267848065505e+00
  -4.99997097731808182175e+00
  -4.99997048111387787372e+00
  -4.99996997991006608686e+00
  -4.99996947870631913702e+00
  -4.99996897750262991877e+00
  -4.99996847629900020848e+00
  -4.99996797509543355886e+00
  -4.99996747389192552902e+00
  -4.99996697268848144802e+00
  -4.99996647148509421044e+00
  -4.99996597028177003352e+00
  -4.99996546907850891728e+00
</dep>
